gene_id
100126314
100129636
100130889
100293534
100294145
100302242
100507362
100507436
100507463
100507547
100507679
100532732
100532737
100532746
100616230
100616237
100847012
10107
10211
10255
1041
10471
10537
10554
10665
10866
10919
11074
11270
114821
116511
1192
1302
135644
135656
1388
1460
1589
1590
1616
170679
170680
170954
177
1797
199
202658
203068
221504
221527
221545
23
23564
253018
2550
259197
259215
26529
26531
26692
26707
26716
26797
26801
2794
282890
285830
285834
2880
28973
29113
2968
30834
3105
3106
3107
3108
3109
3111
3112
3113
3115
3116
3117
3118
3119
3120
3122
3123
3127
3128
3133
3134
3135
3136
3137
3139
3303
3304
3305
340198
346171
352961
3833
389376
394263
401242
401250
4049
4050
407002
414764
414765
414777
414778
4277
4340
442184
442186
442191
442194
4758
4795
4855
50854
5089
51596
5252
534
54435
54535
5460
5514
554223
55937
56244
56658
5696
5698
57176
57819
57827
58496
58530
5863
5987
6015
6046
6048
6222
6257
629
6293
63940
63943
6499
677820
6890
6891
6892
692092
692199
692233
6941
6992
7124
7148
717
720
7407
7726
780
79136
7916
7917
7918
7919
7920
7922
7923
7932
7936
7940
79897
79969
80352
80736
80737
80739
80740
80741
80742
80862
80863
80864
80868
81696
81797
8449
8705
8831
8859
8870
89870
9277
9278
9374
9656
